[RyanImage.jpg]
filters=enhance=1;Lomo=1,50.000000,0.000000;Soften=1,50.877197,50.000000;
moddate=5391d40b97f7d301
width=960
height=960
textactive=0
